538
Proba_H1
Proba_H2
0.731 0.655
0.320 0.079
0.322 0.075
0.319 0.075
0.328 0.087
0.331 0.076
0.485 0.266
0.478 0.264
0.477 0.262
0.523 0.362
0.513 0.356
0.516 0.362
0.997 0.997
0.997 0.997
1.000 1.000
0.815 0.830
0.814 0.837
0.811 0.828
0.808 0.822
0.814 0.822
0.812 0.828
0.930 0.941
0.998 0.921
1.000 1.000
0.921 0.935
0.929 0.940
0.910 0.931
0.928 0.941
0.925 0.941
0.927 0.939
0.864 0.872
0.921 0.931
0.506 0.550
0.519 0.555
0.528 0.553
0.556 0.606
0.983 0.988
0.983 0.984
0.827 0.679
0.828 0.681
0.390 0.537
0.509 0.393
0.508 0.395
0.971 0.973
0.829 0.724
0.830 0.724
1.000 1.000
1.000 1.000
0.618 0.499
0.929 0.940
0.918 0.927
0.921 0.929
0.994 0.993
0.600 0.474
0.609 0.478
0.948 0.963
0.949 0.963
0.950 0.961
0.945 0.957
0.942 0.957
0.933 0.942
0.395 0.539
0.934 0.947
1.000 1.000
0.920 0.935
0.920 0.931
0.993 0.994
0.993 0.993
0.993 0.994
0.302 0.140
0.308 0.134
0.929 0.942
0.933 0.943
0.928 0.941
0.928 0.941
0.930 0.940
0.931 0.945
0.932 0.941
0.770 0.741
0.772 0.753
0.929 0.937
0.929 0.941
0.927 0.942
0.932 0.940
0.927 0.936
1.000 1.000
1.000 1.000
1.000 1.000
0.877 0.893
0.881 0.895
0.930 0.941
0.928 0.940
0.929 0.943
1.000 1.000
1.000 1.000
1.000 1.000
0.999 0.998
0.995 0.992
0.992 0.994
0.992 0.994
0.994 0.995
1.000 1.000
0.920 0.925
0.913 0.928
0.921 0.932
0.938 0.945
0.930 0.943
0.930 0.942
0.171 0.074
0.297 0.134
0.931 0.947
0.931 0.940
0.932 0.942
0.704 0.567
0.754 0.798
1.000 1.000
1.000 1.000
1.000 1.000
1.000 1.000
1.000 1.000
1.000 0.993
0.994 0.994
0.993 0.994
0.993 0.995
0.300 0.141
0.993 0.993
0.909 0.911
0.992 0.993
0.995 0.995
0.993 0.995
1.000 1.000
0.992 0.994
0.170 0.073
1.000 1.000
1.000 1.000
0.993 0.995
1.000 1.000
1.000 1.000
1.000 1.000
0.993 0.994
0.994 0.994
0.993 0.992
0.905 0.887
0.998 0.998
0.818 0.654
0.815 0.640
0.905 0.694
0.995 0.994
0.994 0.993
0.994 0.995
0.993 0.994
0.995 0.994
0.994 0.994
0.993 0.994
0.994 0.992
0.993 0.993
0.997 0.998
0.581 0.590
0.578 0.584
0.999 0.950
0.898 0.879
0.314 0.325
1.000 1.000
0.974 0.972
1.000 0.987
0.435 0.395
1.000 1.000
0.999 0.999
0.999 1.000
0.999 0.999
1.000 0.999
1.000 0.999
1.000 0.992
0.999 0.999
1.000 1.000
0.999 0.999
0.999 0.999
1.000 0.999
1.000 1.000
1.000 1.000
0.999 0.999
0.999 0.999
1.000 0.999
0.786 0.789
0.473 0.488
0.458 0.494
0.779 0.791
0.489 0.997
0.977 0.961
0.495 0.497
0.490 0.488
0.465 0.477
0.470 0.481
0.464 0.494
0.788 0.791
0.463 0.479
0.481 0.474
0.471 0.488
0.788 0.787
0.786 0.788
0.393 0.790
0.394 0.791
0.785 0.782
0.383 0.789
0.399 0.793
0.783 0.785
0.791 0.788
0.396 0.788
0.396 0.778
0.787 0.786
0.790 0.790
0.896 0.906
0.898 0.893
0.897 0.892
0.902 0.893
0.903 0.893
0.900 0.903
0.898 0.898
1.000 1.000
0.315 0.310
0.315 0.305
1.000 1.000
0.968 0.967
0.904 0.908
1.000 1.000
1.000 1.000
1.000 1.000
1.000 1.000
1.000 1.000
0.965 0.973
0.966 0.972
1.000 1.000
1.000 1.000
1.000 1.000
1.000 1.000
1.000 1.000
1.000 1.000
1.000 1.000
1.000 1.000
1.000 1.000
1.000 1.000
1.000 1.000
0.950 0.942
0.766 0.744
0.907 0.915
0.996 0.993
0.995 0.995
1.000 1.000
1.000 1.000
1.000 1.000
1.000 1.000
1.000 1.000
1.000 1.000
1.000 1.000
1.000 1.000
1.000 1.000
0.996 0.994
1.000 1.000
1.000 1.000
1.000 1.000
1.000 1.000
1.000 1.000
1.000 1.000
0.927 0.920
0.966 0.916
0.967 0.913
0.965 0.969
0.965 0.966
0.954 0.934
1.000 1.000
1.000 1.000
1.000 1.000
1.000 1.000
0.585 0.578
0.966 0.969
0.585 0.580
0.583 0.575
0.588 0.583
1.000 0.999
0.952 0.938
0.955 0.938
0.952 0.940
0.959 0.942
0.953 0.940
0.966 0.968
0.955 0.941
1.000 1.000
1.000 1.000
1.000 0.999
1.000 0.999
0.733 0.730
0.736 0.728
0.733 0.724
0.737 0.727
0.728 0.726
0.731 0.726
0.736 0.732
0.728 0.734
0.586 0.588
0.727 0.727
0.737 0.736
0.727 0.732
0.733 0.736
0.731 0.724
0.725 0.729
0.730 0.509
0.776 0.778
0.773 0.779
0.776 0.787
0.778 0.787
0.770 0.788
0.772 0.790
0.729 0.681
0.724 0.725
0.727 0.728
0.593 0.589
0.732 0.515
0.727 0.515
0.725 0.514
0.728 0.508
0.734 0.515
0.736 0.510
0.732 0.516
1.000 1.000
1.000 1.000
1.000 1.000
0.995 0.996
0.995 0.996
1.000 1.000
1.000 1.000
0.947 0.946
0.980 0.979
0.979 0.981
0.979 0.982
0.978 0.980
0.973 0.971
0.753 0.783
0.719 0.728
1.000 1.000
1.000 1.000
1.000 1.000
1.000 1.000
0.931 0.907
0.935 0.903
1.000 1.000
1.000 1.000
1.000 1.000
0.438 0.495
0.993 0.988
0.691 0.541
0.640 0.591
0.499 1.000
0.974 0.974
0.974 0.971
0.972 0.975
1.000 1.000
1.000 1.000
0.801 0.810
0.218 0.306
0.805 0.646
0.807 0.644
0.805 0.643
0.764 0.616
0.783 0.633
0.785 0.642
1.000 1.000
1.000 1.000
1.000 1.000
1.000 1.000
0.974 0.977
0.971 0.974
0.975 0.976
0.762 0.758
0.757 0.757
0.756 0.751
0.767 0.761
0.364 0.413
0.540 0.485
0.998 0.998
0.997 0.997
0.997 0.998
0.997 0.997
1.000 1.000
0.950 0.885
0.946 0.884
0.824 0.844
0.824 0.844
1.000 1.000
0.482 0.406
0.996 0.996
0.725 0.786
0.727 0.781
0.995 0.995
1.000 1.000
0.994 0.986
0.829 0.826
0.824 0.827
0.990 0.944
1.000 1.000
0.968 0.969
0.966 0.972
0.389 0.524
0.396 0.532
0.393 0.541
0.967 0.969
1.000 1.000
1.000 1.000
0.994 0.987
0.994 0.987
0.822 0.706
0.995 0.945
0.996 0.945
0.996 0.940
0.996 0.944
1.000 1.000
1.000 1.000
1.000 1.000
0.496 1.000
0.496 1.000
1.000 1.000
1.000 1.000
0.826 0.701
1.000 1.000
1.000 1.000
0.969 0.968
0.971 0.969
0.991 0.995
0.992 0.996
0.992 0.994
0.991 0.995
0.991 0.996
0.991 0.996
0.712 0.654
1.000 1.000
0.502 1.000
0.885 0.916
0.994 0.990
1.000 1.000
1.000 1.000
1.000 1.000
1.000 1.000
1.000 1.000
1.000 1.000
0.865 0.863
0.865 0.866
0.856 0.861
0.860 0.865
0.960 0.961
0.901 0.838
1.000 1.000
1.000 1.000
1.000 1.000
0.493 0.992
0.985 0.983
1.000 1.000
1.000 1.000
0.895 0.872
0.903 0.869
0.901 0.869
1.000 1.000
1.000 1.000
1.000 1.000
1.000 1.000
1.000 1.000
1.000 1.000
1.000 1.000
1.000 1.000
1.000 1.000
1.000 1.000
1.000 1.000
1.000 1.000
1.000 1.000
1.000 1.000
1.000 1.000
1.000 1.000
0.995 0.994
0.921 0.924
0.979 0.977
0.979 0.978
0.992 0.992
0.960 0.960
0.584 0.622
0.578 0.622
0.349 0.285
0.347 0.291
0.847 0.849
0.952 0.948
0.999 0.999
0.843 0.837
0.846 0.849
0.954 0.959
0.959 0.958
0.960 0.960
0.956 0.953
0.725 0.722
0.425 0.531
0.624 0.624
0.855 0.851
1.000 1.000
1.000 1.000
1.000 1.000
1.000 1.000
1.000 1.000
0.852 0.850
0.848 0.846
1.000 1.000
1.000 1.000
1.000 1.000
1.000 1.000
1.000 1.000
1.000 1.000
1.000 1.000
1.000 1.000
1.000 1.000
1.000 1.000
1.000 1.000
0.959 0.963
0.958 0.957
1.000 1.000
1.000 1.000
1.000 1.000
1.000 1.000
1.000 1.000
0.415 0.375
0.222 0.237
0.210 0.255
0.266 0.317
0.475 0.964
0.484 0.961
0.958 0.958
0.496 0.488
0.480 0.489
0.400 0.828
0.398 0.823
0.994 0.993
0.999 0.999
0.634 0.612
0.647 0.619
